/access.htm,/
/automation.htm,/products?lang=ja
/autoPour.htm,/products?lang=ja
/computerSys.htm,/products?lang=ja
/Consarc.htm,/blog/product_categories/consarc-ja/
/contactUs.htm,/contact/
/esr.htm,/blog/product_categories/consarc-ja/
/handlingSys.htm,/products?lang=ja
/heating.htm,/products?lang=ja
/holding.htm,/products?lang=ja
/index.htm,/
/ism.htm,/blog/product_categories/consarc-ja/
/ivl.htm,/blog/product_categories/consarc-ja/
/MassHeat.htm,/products?lang=ja
/melting.htm,/products?lang=ja
/meltingPS.htm,/products?lang=ja
/news.htm,/
/products.htm,/products?lang=ja
/profile.htm,/%E5%AE%89%E5%85%A8%E3%81%AB%E3%81%A4%E3%81%84%E3%81%A6/
/recruit.htm,/
/safety.htm,/services/
/service.htm,/services/
/silicon.htm,/blog/product_categories/consarc-ja/
/SpecialCoil.htm,/products?lang=ja
/terms.htm,/%E5%88%A9%E7%94%A8%E8%A6%8F%E7%B4%84/
/Thermatool.htm,/blog/product_categories/thermatool-ja/
/top.html,/
/vacuumBrazing.htm,/blog/product_categories/consarc-ja/
/var.htm,/blog/product_categories/consarc-ja/
/vim.htm,/blog/product_categories/consarc-ja/
/vpic.htm,/blog/product_categories/consarc-ja/
/World.htm,/
